[[[ 30   0]]

 [[ 30   1]]

 [[ 29   2]]

 [[ 24   2]]

 [[ 23   3]]

 [[ 20   3]]

 [[ 19   4]]

 [[ 17   4]]

 [[ 16   5]]

 [[ 14   5]]

 [[ 13   6]]

 [[ 12   6]]

 [[ 11   7]]

 [[  8   7]]

 [[  8  21]]

 [[  9  22]]

 [[  9  24]]

 [[ 10  25]]

 [[ 10  31]]

 [[ 11  32]]

 [[ 11  36]]

 [[ 12  37]]

 [[ 12  42]]

 [[ 13  43]]

 [[ 13  48]]

 [[ 14  49]]

 [[ 14  53]]

 [[ 15  54]]

 [[ 15  58]]

 [[ 16  59]]

 [[ 16  64]]

 [[ 17  65]]

 [[ 17  70]]

 [[ 18  71]]

 [[ 18  74]]

 [[ 19  75]]

 [[ 19  80]]

 [[ 20  81]]

 [[ 20  85]]

 [[ 21  86]]

 [[ 21  91]]

 [[ 22  92]]

 [[ 22  96]]

 [[ 23  97]]

 [[ 23 101]]

 [[ 24 102]]

 [[ 24 107]]

 [[ 25 108]]

 [[ 25 115]]

 [[ 26 116]]

 [[ 26 130]]

 [[ 24 132]]

 [[ 16 132]]

 [[ 15 133]]

 [[ 15 145]]

 [[ 16 146]]

 [[ 16 147]]

 [[ 19 147]]

 [[ 20 148]]

 [[ 21 148]]

 [[ 22 149]]

 [[ 22 151]]

 [[ 21 152]]

 [[ 21 155]]

 [[ 20 156]]

 [[ 20 159]]

 [[ 19 160]]

 [[ 19 163]]

 [[ 18 164]]

 [[ 18 167]]

 [[ 17 168]]

 [[ 17 171]]

 [[ 16 172]]

 [[ 16 175]]

 [[ 15 176]]

 [[ 15 179]]

 [[ 14 180]]

 [[ 14 183]]

 [[ 13 184]]

 [[ 13 187]]

 [[ 12 188]]

 [[ 12 191]]

 [[ 11 192]]

 [[ 11 195]]

 [[ 10 196]]

 [[ 10 199]]

 [[  9 200]]

 [[  9 203]]

 [[  8 204]]

 [[  8 207]]

 [[  7 208]]

 [[  7 211]]

 [[  6 212]]

 [[  6 215]]

 [[  5 216]]

 [[  5 219]]

 [[  4 220]]

 [[  4 223]]

 [[  3 224]]

 [[  3 227]]

 [[  2 228]]

 [[  2 231]]

 [[  1 232]]

 [[  0 232]]

 [[  0 266]]

 [[  8 266]]

 [[  9 265]]

 [[ 12 265]]

 [[ 13 264]]

 [[ 13 260]]

 [[ 14 259]]

 [[ 14 256]]

 [[ 15 255]]

 [[ 15 253]]

 [[ 16 252]]

 [[ 16 249]]

 [[ 17 248]]

 [[ 17 245]]

 [[ 18 244]]

 [[ 18 241]]

 [[ 19 240]]

 [[ 19 237]]

 [[ 20 236]]

 [[ 20 233]]

 [[ 21 232]]

 [[ 21 230]]

 [[ 22 229]]

 [[ 22 226]]

 [[ 23 225]]

 [[ 23 222]]

 [[ 24 221]]

 [[ 24 218]]

 [[ 25 217]]

 [[ 25 214]]

 [[ 26 213]]

 [[ 26 210]]

 [[ 27 209]]

 [[ 27 206]]

 [[ 28 205]]

 [[ 28 202]]

 [[ 29 201]]

 [[ 29 198]]

 [[ 30 197]]

 [[ 30 194]]

 [[ 31 193]]

 [[ 31 190]]

 [[ 32 189]]

 [[ 32 187]]

 [[ 33 186]]

 [[ 33 183]]

 [[ 34 182]]

 [[ 34 179]]

 [[ 35 178]]

 [[ 35 175]]

 [[ 36 174]]

 [[ 36 171]]

 [[ 37 170]]

 [[ 37 167]]

 [[ 38 166]]

 [[ 38 163]]

 [[ 39 162]]

 [[ 39 159]]

 [[ 40 158]]

 [[ 40 154]]

 [[ 41 153]]

 [[ 41 152]]

 [[ 42 151]]

 [[ 44 151]]

 [[ 45 152]]

 [[ 51 152]]

 [[ 52 153]]

 [[ 57 153]]

 [[ 58 154]]

 [[ 64 154]]

 [[ 65 155]]

 [[ 68 155]]

 [[ 69 156]]

 [[ 70 156]]

 [[ 77 163]]

 [[ 77 164]]

 [[ 78 165]]

 [[ 78 166]]

 [[ 79 167]]

 [[ 79 168]]

 [[ 80 169]]

 [[ 80 171]]

 [[ 81 172]]

 [[ 81 174]]

 [[ 82 175]]

 [[ 82 190]]

 [[ 83 191]]

 [[ 83 212]]

 [[ 84 213]]

 [[ 84 235]]

 [[ 85 236]]

 [[ 85 259]]

 [[ 86 260]]

 [[ 86 283]]

 [[ 87 284]]

 [[ 87 299]]

 [[105 299]]

 [[105 283]]

 [[104 282]]

 [[104 258]]

 [[103 257]]

 [[103 246]]

 [[104 245]]

 [[115 245]]

 [[116 244]]

 [[117 244]]

 [[117 242]]

 [[118 241]]

 [[118 239]]

 [[119 238]]

 [[119 235]]

 [[120 234]]

 [[120 232]]

 [[121 231]]

 [[121 228]]

 [[122 227]]

 [[122 225]]

 [[123 224]]

 [[123 222]]

 [[124 221]]

 [[124 218]]

 [[125 217]]

 [[125 215]]

 [[126 214]]

 [[126 212]]

 [[127 211]]

 [[127 208]]

 [[128 207]]

 [[128 205]]

 [[129 204]]

 [[129 202]]

 [[130 201]]

 [[130 199]]

 [[131 198]]

 [[131 195]]

 [[132 194]]

 [[159 194]]

 [[160 193]]

 [[164 193]]

 [[165 192]]

 [[168 192]]

 [[169 191]]

 [[171 191]]

 [[172 190]]

 [[174 190]]

 [[175 189]]

 [[176 189]]

 [[177 188]]

 [[178 188]]

 [[179 187]]

 [[181 187]]

 [[182 186]]

 [[183 186]]

 [[184 185]]

 [[185 185]]

 [[186 184]]

 [[188 184]]

 [[189 183]]

 [[190 183]]

 [[191 182]]

 [[192 182]]

 [[193 181]]

 [[195 181]]

 [[196 180]]

 [[198 180]]

 [[199 179]]

 [[201 179]]

 [[202 178]]

 [[206 178]]

 [[207 179]]

 [[207 194]]

 [[208 195]]

 [[208 234]]

 [[209 235]]

 [[209 269]]

 [[210 270]]

 [[210 276]]

 [[212 276]]

 [[213 277]]

 [[223 277]]

 [[223 142]]

 [[222 142]]

 [[221 141]]

 [[221 139]]

 [[220 138]]

 [[220 137]]

 [[219 136]]

 [[219 134]]

 [[218 133]]

 [[218 132]]

 [[210 124]]

 [[209 124]]

 [[208 123]]

 [[207 123]]

 [[206 122]]

 [[196 122]]

 [[195 121]]

 [[189 121]]

 [[188 120]]

 [[178 120]]

 [[177 119]]

 [[170 119]]

 [[169 118]]

 [[162 118]]

 [[161 117]]

 [[154 117]]

 [[153 116]]

 [[152 116]]

 [[151 115]]

 [[151  93]]

 [[150  92]]

 [[150  85]]

 [[149  84]]

 [[149  80]]

 [[148  79]]

 [[148  74]]

 [[147  73]]

 [[147  68]]

 [[146  67]]

 [[146  63]]

 [[145  62]]

 [[145  57]]

 [[144  56]]

 [[144  52]]

 [[143  51]]

 [[143  47]]

 [[142  46]]

 [[142  41]]

 [[141  40]]

 [[141  36]]

 [[140  35]]

 [[140  31]]

 [[139  30]]

 [[139  26]]

 [[138  25]]

 [[138  20]]

 [[137  19]]

 [[137  15]]

 [[136  14]]

 [[136  10]]

 [[135   9]]

 [[135   4]]

 [[134   3]]

 [[134   0]]] [[[108 193]]

 [[109 192]]

 [[111 192]]

 [[112 193]]

 [[112 196]]

 [[111 197]]

 [[111 199]]

 [[110 200]]

 [[110 203]]

 [[109 204]]

 [[109 206]]

 [[108 207]]

 [[108 210]]

 [[107 211]]

 [[107 213]]

 [[106 214]]

 [[106 216]]

 [[105 217]]

 [[103 217]]

 [[102 216]]

 [[102 211]]

 [[101 210]]

 [[101 194]]

 [[102 193]]] [[[ 98 159]]

 [[ 99 158]]

 [[105 158]]

 [[106 159]]

 [[111 159]]

 [[112 160]]

 [[117 160]]

 [[118 161]]

 [[120 161]]

 [[121 162]]

 [[121 166]]

 [[120 167]]

 [[120 169]]

 [[119 170]]

 [[119 172]]

 [[118 173]]

 [[118 176]]

 [[117 177]]

 [[117 178]]

 [[115 180]]

 [[101 180]]

 [[100 179]]

 [[100 172]]

 [[ 99 171]]

 [[ 99 164]]

 [[ 98 163]]] [[[125 150]]

 [[126 149]]

 [[128 149]]

 [[129 150]]

 [[129 152]]

 [[128 153]]

 [[126 153]]

 [[125 152]]] [[[171 147]]

 [[172 146]]

 [[175 146]]

 [[176 147]]

 [[176 149]]

 [[175 150]]

 [[174 150]]

 [[173 151]]

 [[172 151]]

 [[171 152]]

 [[170 152]]

 [[169 153]]

 [[167 153]]

 [[166 154]]

 [[163 154]]

 [[162 155]]

 [[158 155]]

 [[157 156]]

 [[143 156]]

 [[142 155]]

 [[133 155]]

 [[132 154]]

 [[131 154]]

 [[130 153]]

 [[130 151]]

 [[131 150]]

 [[157 150]]

 [[158 149]]

 [[164 149]]

 [[165 148]]

 [[168 148]]

 [[169 147]]] [[[ 96 147]]

 [[ 97 146]]

 [[103 146]]

 [[104 147]]

 [[104 149]]

 [[103 150]]

 [[ 97 150]]

 [[ 96 149]]] [[[199 145]]

 [[201 145]]

 [[203 147]]

 [[203 148]]

 [[204 149]]

 [[204 150]]

 [[205 151]]

 [[205 153]]

 [[206 154]]

 [[206 158]]

 [[207 159]]

 [[207 161]]

 [[205 163]]

 [[202 163]]

 [[201 164]]

 [[198 164]]

 [[197 165]]

 [[194 165]]

 [[193 166]]

 [[191 166]]

 [[190 167]]

 [[188 167]]

 [[187 168]]

 [[185 168]]

 [[184 169]]

 [[182 169]]

 [[181 170]]

 [[180 170]]

 [[179 171]]

 [[177 171]]

 [[176 172]]

 [[175 172]]

 [[174 173]]

 [[173 173]]

 [[172 174]]

 [[171 174]]

 [[170 175]]

 [[168 175]]

 [[167 176]]

 [[166 176]]

 [[165 177]]

 [[163 177]]

 [[162 178]]

 [[161 178]]

 [[160 179]]

 [[158 179]]

 [[157 180]]

 [[154 180]]

 [[153 181]]

 [[148 181]]

 [[147 182]]

 [[141 182]]

 [[140 181]]

 [[137 181]]

 [[136 180]]

 [[136 178]]

 [[137 177]]

 [[137 175]]

 [[138 174]]

 [[138 172]]

 [[139 171]]

 [[139 168]]

 [[140 167]]

 [[140 165]]

 [[141 164]]

 [[165 164]]

 [[166 163]]

 [[170 163]]

 [[171 162]]

 [[174 162]]

 [[175 161]]

 [[177 161]]

 [[178 160]]

 [[179 160]]

 [[180 159]]

 [[182 159]]

 [[183 158]]

 [[184 158]]

 [[186 156]]

 [[187 156]]

 [[191 152]]

 [[192 152]]] [[[136 124]]

 [[137 123]]

 [[142 123]]

 [[143 124]]

 [[145 124]]

 [[146 125]]

 [[153 125]]

 [[154 126]]

 [[161 126]]

 [[162 127]]

 [[169 127]]

 [[170 128]]

 [[176 128]]

 [[177 129]]

 [[177 131]]

 [[176 132]]

 [[175 132]]

 [[172 135]]

 [[171 135]]

 [[170 136]]

 [[169 136]]

 [[168 137]]

 [[167 137]]

 [[166 138]]

 [[164 138]]

 [[163 139]]

 [[161 139]]

 [[160 140]]

 [[157 140]]

 [[156 141]]

 [[150 141]]

 [[149 142]]

 [[137 142]]

 [[136 141]]

 [[125 141]]

 [[124 140]]

 [[118 140]]

 [[117 139]]

 [[112 139]]

 [[111 138]]

 [[106 138]]

 [[105 137]]

 [[100 137]]

 [[ 99 136]]

 [[ 91 136]]

 [[ 90 135]]

 [[ 90 133]]

 [[ 91 132]]

 [[ 95 132]]

 [[ 96 131]]

 [[100 131]]

 [[101 130]]

 [[104 130]]

 [[105 129]]

 [[109 129]]

 [[110 128]]

 [[113 128]]

 [[114 127]]

 [[117 127]]

 [[118 126]]

 [[122 126]]

 [[123 125]]

 [[128 125]]

 [[129 124]]] [[[126  90]]

 [[127  89]]

 [[131  89]]

 [[132  90]]

 [[132  92]]

 [[133  93]]

 [[133  97]]

 [[134  98]]

 [[134 114]]

 [[133 115]]

 [[129 115]]

 [[128 116]]

 [[121 116]]

 [[120 117]]

 [[115 117]]

 [[114 118]]

 [[110 118]]

 [[109 119]]

 [[106 119]]

 [[105 120]]

 [[102 120]]

 [[101 121]]

 [[ 97 121]]

 [[ 96 122]]

 [[ 93 122]]

 [[ 92 123]]

 [[ 88 123]]

 [[ 87 124]]

 [[ 83 124]]

 [[ 82 125]]

 [[ 76 125]]

 [[ 75 126]]

 [[ 44 126]]

 [[ 43 125]]

 [[ 43 106]]

 [[ 42 105]]

 [[ 42 101]]

 [[ 44  99]]

 [[ 49  99]]

 [[ 50  98]]

 [[ 53  98]]

 [[ 54  97]]

 [[ 56  97]]

 [[ 57  96]]

 [[ 61  96]]

 [[ 62  95]]

 [[ 65  95]]

 [[ 66  94]]

 [[ 70  94]]

 [[ 71  93]]

 [[ 76  93]]

 [[ 77  92]]

 [[ 89  92]]

 [[ 90  91]]

 [[110  91]]

 [[111  90]]] [[[ 79   6]]

 [[ 80   5]]

 [[111   5]]

 [[112   6]]

 [[121   6]]

 [[122   7]]

 [[122  17]]

 [[123  18]]

 [[123  22]]

 [[124  23]]

 [[124  27]]

 [[125  28]]

 [[125  32]]

 [[126  33]]

 [[126  38]]

 [[127  39]]

 [[127  43]]

 [[128  44]]

 [[128  48]]

 [[129  49]]

 [[129  54]]

 [[130  55]]

 [[130  60]]

 [[131  61]]

 [[131  65]]

 [[132  66]]

 [[132  70]]

 [[133  71]]

 [[133  75]]

 [[134  76]]

 [[134  79]]

 [[133  80]]

 [[129  80]]

 [[128  81]]

 [[119  81]]

 [[118  82]]

 [[103  82]]

 [[102  83]]

 [[ 82  83]]

 [[ 81  84]]

 [[ 69  84]]

 [[ 68  85]]

 [[ 63  85]]

 [[ 62  86]]

 [[ 58  86]]

 [[ 57  87]]

 [[ 54  87]]

 [[ 53  88]]

 [[ 49  88]]

 [[ 48  89]]

 [[ 46  89]]

 [[ 45  90]]

 [[ 41  90]]

 [[ 40  89]]

 [[ 40  86]]

 [[ 39  85]]

 [[ 39  82]]

 [[ 38  81]]

 [[ 38  77]]

 [[ 37  76]]

 [[ 37  71]]

 [[ 36  70]]

 [[ 36  65]]

 [[ 35  64]]

 [[ 35  60]]

 [[ 34  59]]

 [[ 34  55]]

 [[ 33  54]]

 [[ 33  49]]

 [[ 32  48]]

 [[ 32  43]]

 [[ 31  42]]

 [[ 31  39]]

 [[ 30  38]]

 [[ 30  33]]

 [[ 29  32]]

 [[ 29  27]]

 [[ 28  26]]

 [[ 28  21]]

 [[ 27  20]]

 [[ 27  18]]

 [[ 24  15]]

 [[ 24  13]]

 [[ 25  12]]

 [[ 27  12]]

 [[ 28  11]]

 [[ 31  11]]

 [[ 32  10]]

 [[ 37  10]]

 [[ 38   9]]

 [[ 44   9]]

 [[ 45  10]]

 [[ 45  18]]

 [[ 47  20]]

 [[ 49  20]]

 [[ 50  21]]

 [[ 51  21]]

 [[ 52  22]]

 [[ 70  22]]

 [[ 71  21]]

 [[ 73  21]]

 [[ 74  20]]

 [[ 76  20]]

 [[ 77  19]]

 [[ 78  19]]

 [[ 80  17]]

 [[ 80   9]]

 [[ 79   8]]]