[[[218 246]]

 [[217 247]]

 [[216 247]]

 [[214 249]]

 [[214 250]]

 [[210 254]]

 [[210 265]]

 [[211 266]]

 [[211 269]]

 [[210 270]]

 [[210 284]]

 [[212 286]]

 [[212 287]]

 [[217 292]]

 [[217 293]]

 [[220 293]]

 [[221 292]]

 [[221 291]]

 [[224 288]]

 [[224 287]]

 [[227 284]]

 [[227 283]]

 [[229 281]]

 [[229 280]]

 [[231 278]]

 [[231 277]]

 [[233 275]]

 [[233 274]]

 [[234 273]]

 [[234 272]]

 [[235 271]]

 [[235 264]]

 [[233 262]]

 [[233 261]]

 [[229 257]]

 [[229 256]]

 [[226 253]]

 [[226 252]]

 [[224 250]]

 [[224 249]]

 [[223 248]]

 [[222 248]]

 [[221 247]]

 [[219 247]]] [[[219 284]]

 [[220 283]]

 [[222 283]]

 [[223 284]]

 [[223 288]]

 [[222 289]]

 [[220 289]]

 [[219 288]]] [[[223 280]]

 [[224 279]]

 [[226 279]]

 [[227 280]]

 [[227 283]]

 [[226 284]]

 [[224 284]]

 [[223 283]]] [[[226 259]]

 [[227 258]]

 [[229 258]]

 [[233 262]]

 [[233 263]]

 [[235 265]]

 [[235 270]]

 [[234 271]]

 [[234 272]]

 [[233 273]]

 [[233 274]]

 [[231 276]]

 [[231 277]]

 [[229 279]]

 [[227 279]]

 [[225 277]]

 [[225 275]]

 [[222 272]]

 [[222 270]]

 [[224 268]]

 [[224 266]]

 [[225 265]]

 [[226 265]]] [[[217 247]]

 [[221 247]]

 [[223 249]]

 [[223 251]]

 [[222 252]]

 [[222 254]]

 [[223 255]]

 [[223 258]]

 [[222 259]]

 [[219 259]]

 [[220 260]]

 [[220 261]]

 [[222 261]]

 [[223 262]]

 [[223 269]]

 [[222 270]]

 [[219 270]]

 [[219 272]]

 [[222 272]]

 [[223 273]]

 [[223 274]]

 [[225 276]]

 [[225 278]]

 [[224 279]]

 [[223 279]]

 [[223 280]]

 [[222 281]]

 [[220 281]]

 [[219 280]]

 [[219 286]]

 [[218 287]]

 [[213 287]]

 [[212 286]]

 [[212 285]]

 [[210 283]]

 [[210 273]]

 [[211 272]]

 [[211 266]]

 [[210 265]]

 [[210 263]]

 [[211 262]]

 [[210 261]]

 [[210 255]]

 [[214 251]]

 [[214 250]]] [[[329 239]]

 [[329 241]]

 [[328 242]]

 [[324 242]]

 [[323 243]]

 [[321 243]]

 [[320 242]]

 [[320 241]]

 [[319 241]]

 [[318 240]]

 [[315 240]]

 [[315 241]]

 [[314 242]]

 [[311 242]]

 [[310 243]]

 [[309 243]]

 [[307 245]]

 [[308 246]]

 [[310 246]]

 [[310 243]]

 [[311 242]]

 [[315 242]]

 [[316 243]]

 [[318 243]]

 [[319 244]]

 [[321 244]]

 [[322 243]]

 [[327 243]]

 [[328 242]]

 [[331 242]]

 [[332 241]]

 [[334 241]]

 [[335 242]]

 [[337 242]]

 [[338 243]]

 [[339 243]]

 [[340 244]]

 [[340 246]]

 [[339 247]]

 [[336 247]]

 [[336 248]]

 [[334 250]]

 [[334 252]]

 [[333 253]]

 [[332 253]]

 [[332 255]]

 [[331 256]]

 [[329 256]]

 [[329 257]]

 [[328 258]]

 [[327 258]]

 [[331 258]]

 [[331 257]]

 [[332 256]]

 [[333 256]]

 [[334 255]]

 [[342 255]]

 [[343 254]]

 [[351 254]]

 [[352 253]]

 [[353 253]]

 [[354 252]]

 [[360 252]]

 [[358 252]]

 [[357 251]]

 [[357 249]]

 [[355 249]]

 [[354 248]]

 [[353 248]]

 [[351 246]]

 [[349 246]]

 [[348 245]]

 [[346 245]]

 [[343 242]]

 [[342 242]]

 [[341 241]]

 [[339 241]]

 [[337 239]]] [[[336 249]]

 [[337 248]]

 [[339 248]]

 [[340 249]]

 [[340 251]]

 [[339 252]]

 [[337 252]]

 [[336 251]]] [[[344 246]]

 [[345 245]]

 [[347 245]]

 [[348 246]]

 [[350 246]]

 [[352 248]]

 [[354 248]]

 [[355 249]]

 [[355 251]]

 [[353 253]]

 [[352 253]]

 [[351 254]]

 [[347 254]]

 [[346 253]]

 [[346 252]]

 [[345 251]]

 [[345 250]]

 [[344 249]]] [[[212 214]]

 [[211 215]]

 [[211 231]]

 [[210 232]]

 [[210 237]]

 [[211 238]]

 [[215 238]]

 [[216 239]]

 [[218 239]]

 [[219 240]]

 [[221 240]]

 [[221 239]]

 [[223 237]]

 [[230 237]]

 [[231 238]]

 [[231 239]]

 [[233 241]]

 [[233 243]]

 [[234 244]]

 [[234 246]]

 [[235 247]]

 [[235 249]]

 [[236 250]]

 [[236 251]]

 [[237 252]]

 [[237 253]]

 [[238 254]]

 [[238 256]]

 [[240 258]]

 [[240 259]]

 [[241 260]]

 [[241 261]]

 [[242 262]]

 [[242 263]]

 [[243 264]]

 [[243 265]]

 [[246 268]]

 [[246 269]]

 [[248 271]]

 [[248 272]]

 [[251 275]]

 [[251 276]]

 [[252 277]]

 [[252 278]]

 [[253 279]]

 [[253 284]]

 [[254 285]]

 [[254 288]]

 [[253 289]]

 [[253 292]]

 [[252 293]]

 [[252 294]]

 [[251 295]]

 [[251 296]]

 [[250 297]]

 [[250 299]]

 [[248 301]]

 [[248 303]]

 [[247 304]]

 [[247 305]]

 [[243 309]]

 [[243 310]]

 [[239 314]]

 [[238 314]]

 [[231 321]]

 [[230 321]]

 [[227 324]]

 [[226 324]]

 [[223 327]]

 [[222 327]]

 [[220 329]]

 [[219 329]]

 [[217 331]]

 [[216 331]]

 [[214 333]]

 [[213 333]]

 [[212 334]]

 [[211 334]]

 [[210 335]]

 [[209 335]]

 [[208 336]]

 [[207 336]]

 [[206 337]]

 [[205 337]]

 [[204 338]]

 [[203 338]]

 [[202 339]]

 [[201 339]]

 [[200 340]]

 [[199 340]]

 [[198 341]]

 [[197 341]]

 [[196 342]]

 [[195 342]]

 [[194 343]]

 [[193 343]]

 [[192 344]]

 [[191 344]]

 [[190 345]]

 [[188 345]]

 [[187 346]]

 [[186 346]]

 [[185 347]]

 [[184 347]]

 [[183 348]]

 [[182 348]]

 [[181 349]]

 [[180 349]]

 [[179 350]]

 [[177 350]]

 [[176 351]]

 [[175 351]]

 [[174 352]]

 [[173 352]]

 [[172 353]]

 [[171 353]]

 [[170 354]]

 [[169 354]]

 [[168 355]]

 [[167 355]]

 [[166 356]]

 [[165 356]]

 [[164 357]]

 [[163 357]]

 [[162 358]]

 [[161 358]]

 [[159 360]]

 [[158 360]]

 [[157 361]]

 [[156 361]]

 [[153 364]]

 [[152 364]]

 [[150 366]]

 [[149 366]]

 [[148 367]]

 [[147 367]]

 [[151 367]]

 [[151 366]]

 [[153 364]]

 [[154 364]]

 [[157 361]]

 [[158 361]]

 [[159 360]]

 [[160 360]]

 [[162 358]]

 [[163 358]]

 [[164 357]]

 [[165 357]]

 [[166 356]]

 [[167 356]]

 [[169 354]]

 [[171 354]]

 [[172 353]]

 [[173 353]]

 [[174 352]]

 [[175 352]]

 [[176 351]]

 [[177 351]]

 [[178 350]]

 [[179 350]]

 [[180 349]]

 [[181 349]]

 [[182 348]]

 [[184 348]]

 [[185 347]]

 [[186 347]]

 [[187 346]]

 [[188 346]]

 [[189 345]]

 [[190 345]]

 [[191 344]]

 [[193 344]]

 [[195 342]]

 [[197 342]]

 [[198 341]]

 [[199 341]]

 [[200 340]]

 [[201 340]]

 [[202 339]]

 [[203 339]]

 [[204 338]]

 [[205 338]]

 [[206 337]]

 [[207 337]]

 [[208 336]]

 [[209 336]]

 [[210 335]]

 [[211 335]]

 [[212 334]]

 [[213 334]]

 [[214 333]]

 [[215 333]]

 [[217 331]]

 [[218 331]]

 [[220 329]]

 [[221 329]]

 [[223 327]]

 [[224 327]]

 [[227 324]]

 [[228 324]]

 [[231 321]]

 [[232 321]]

 [[239 314]]

 [[240 314]]

 [[243 311]]

 [[243 310]]

 [[247 306]]

 [[247 305]]

 [[248 304]]

 [[248 302]]

 [[249 301]]

 [[249 300]]

 [[250 299]]

 [[250 297]]

 [[252 295]]

 [[252 293]]

 [[253 292]]

 [[253 289]]

 [[254 288]]

 [[254 285]]

 [[253 284]]

 [[253 279]]

 [[252 278]]

 [[252 276]]

 [[251 275]]

 [[251 274]]

 [[248 271]]

 [[248 270]]

 [[246 268]]

 [[246 267]]

 [[243 264]]

 [[243 263]]

 [[242 262]]

 [[242 261]]

 [[241 260]]

 [[241 259]]

 [[240 258]]

 [[240 257]]

 [[238 255]]

 [[238 254]]

 [[237 253]]

 [[237 252]]

 [[236 251]]

 [[236 249]]

 [[235 248]]

 [[235 247]]

 [[234 246]]

 [[234 244]]

 [[233 243]]

 [[233 241]]

 [[232 240]]

 [[232 239]]

 [[231 238]]

 [[231 237]]

 [[230 236]]

 [[230 233]]

 [[229 232]]

 [[229 228]]

 [[228 227]]

 [[228 223]]

 [[227 222]]

 [[227 219]]

 [[227 224]]

 [[225 226]]

 [[223 226]]

 [[222 225]]

 [[222 220]]

 [[221 219]]

 [[221 217]]

 [[220 216]]

 [[215 216]]

 [[215 219]]

 [[216 220]]

 [[216 227]]

 [[215 228]]

 [[215 233]]

 [[216 233]]

 [[217 234]]

 [[217 237]]

 [[216 238]]

 [[212 238]]

 [[210 236]]

 [[210 232]]

 [[211 231]]

 [[211 216]]

 [[212 215]]

 [[213 215]]

 [[213 214]]] [[[218 229]]

 [[219 228]]

 [[221 228]]

 [[222 229]]

 [[222 237]]

 [[220 239]]

 [[218 239]]

 [[217 238]]

 [[217 233]]

 [[218 232]]] [[[215 217]]

 [[216 216]]

 [[219 216]]

 [[221 218]]

 [[221 221]]

 [[220 222]]

 [[218 222]]

 [[217 221]]

 [[217 220]]

 [[216 220]]

 [[215 219]]] [[[330 212]]

 [[329 213]]

 [[329 214]]

 [[328 215]]

 [[326 215]]

 [[326 218]]

 [[325 219]]

 [[324 219]]

 [[324 221]]

 [[323 222]]

 [[322 222]]

 [[321 223]]

 [[319 223]]

 [[318 222]]

 [[318 220]]

 [[317 220]]

 [[312 215]]

 [[310 215]]

 [[309 214]]

 [[305 214]]

 [[304 215]]

 [[303 215]]

 [[301 217]]

 [[297 217]]

 [[296 216]]

 [[295 216]]

 [[294 215]]

 [[294 214]]

 [[293 213]]

 [[294 214]]

 [[294 215]]

 [[295 216]]

 [[295 218]]

 [[296 219]]

 [[296 220]]

 [[298 222]]

 [[299 222]]

 [[300 223]]

 [[308 223]]

 [[309 222]]

 [[310 222]]

 [[311 221]]

 [[314 221]]

 [[315 222]]

 [[316 222]]

 [[317 223]]

 [[322 223]]

 [[323 222]]

 [[324 222]]

 [[325 221]]

 [[326 221]]

 [[328 219]]

 [[328 218]]

 [[330 216]]

 [[334 216]]

 [[335 217]]

 [[335 219]]

 [[335 216]]

 [[336 215]]

 [[338 215]]

 [[339 216]]

 [[341 216]]

 [[340 216]]

 [[338 214]]

 [[337 214]]

 [[335 212]]] [[[298 219]]

 [[299 218]]

 [[302 218]]

 [[303 219]]

 [[303 221]]

 [[302 222]]

 [[299 222]]

 [[298 221]]] [[[306 218]]

 [[307 217]]

 [[311 217]]

 [[312 218]]

 [[312 220]]

 [[311 221]]

 [[310 221]]

 [[309 222]]

 [[307 222]]

 [[306 221]]] [[[330 213]]

 [[331 212]]

 [[334 212]]

 [[335 213]]

 [[335 215]]

 [[334 216]]

 [[331 216]]

 [[330 215]]] [[[258 141]]

 [[257 142]]

 [[253 142]]

 [[252 143]]

 [[252 144]]

 [[251 145]]

 [[249 145]]

 [[249 146]]

 [[248 147]]

 [[246 147]]

 [[249 147]]

 [[250 146]]

 [[251 146]]

 [[253 144]]

 [[256 144]]

 [[257 143]]

 [[260 143]]

 [[261 144]]

 [[261 147]]

 [[257 151]]

 [[253 151]]

 [[252 152]]

 [[246 152]]

 [[246 153]]

 [[245 154]]

 [[240 154]]

 [[239 153]]

 [[239 151]]

 [[240 150]]

 [[239 150]]

 [[239 154]]

 [[240 154]]

 [[241 155]]

 [[241 158]]

 [[242 157]]

 [[244 157]]

 [[245 158]]

 [[246 158]]

 [[247 159]]

 [[247 160]]

 [[249 160]]

 [[250 161]]

 [[250 162]]

 [[251 162]]

 [[252 163]]

 [[252 164]]

 [[261 164]]

 [[262 165]]

 [[262 167]]

 [[263 166]]

 [[265 166]]

 [[266 167]]

 [[267 166]]

 [[270 166]]

 [[270 165]]

 [[271 164]]

 [[273 164]]

 [[274 165]]

 [[275 164]]

 [[280 164]]

 [[281 165]]

 [[281 161]]

 [[282 160]]

 [[284 160]]

 [[285 159]]

 [[292 159]]

 [[293 160]]

 [[293 159]]

 [[294 158]]

 [[295 158]]

 [[294 157]]

 [[293 157]]

 [[292 156]]

 [[292 153]]

 [[293 152]]

 [[295 152]]

 [[296 151]]

 [[294 151]]

 [[292 149]]

 [[292 145]]

 [[292 147]]

 [[291 148]]

 [[289 148]]

 [[287 146]]

 [[286 146]]

 [[283 143]]

 [[282 143]]

 [[281 142]]

 [[279 142]]

 [[278 141]]

 [[276 141]]

 [[275 142]]

 [[270 142]]

 [[269 141]]] [[[271 151]]

 [[272 150]]

 [[274 150]]

 [[275 151]]

 [[279 151]]

 [[281 153]]

 [[283 153]]

 [[284 154]]

 [[285 154]]

 [[286 155]]

 [[287 155]]

 [[288 156]]

 [[288 158]]

 [[287 159]]

 [[278 159]]

 [[277 160]]

 [[270 160]]

 [[269 159]]

 [[269 157]]

 [[270 156]]

 [[270 154]]

 [[271 153]]] [[[267 149]]

 [[268 148]]

 [[270 148]]

 [[271 149]]

 [[271 153]]

 [[269 155]]

 [[267 155]]

 [[267 157]]

 [[266 158]]

 [[260 158]]

 [[259 157]]

 [[259 155]]

 [[260 154]]

 [[262 154]]

 [[262 152]]

 [[263 151]]

 [[266 151]]

 [[267 150]]] [[[259 149]]

 [[260 148]]

 [[262 148]]

 [[263 149]]

 [[263 151]]

 [[262 152]]

 [[260 152]]

 [[259 151]]] [[[267 144]]

 [[268 143]]

 [[270 143]]

 [[271 144]]

 [[271 146]]

 [[270 147]]

 [[268 147]]

 [[267 146]]] [[[261 144]]

 [[262 143]]

 [[264 143]]

 [[265 144]]

 [[265 146]]

 [[264 147]]

 [[262 147]]

 [[261 146]]] [[[368 131]]

 [[367 132]]

 [[362 132]]

 [[361 133]]

 [[358 133]]

 [[357 134]]

 [[355 134]]

 [[354 135]]

 [[353 135]]

 [[352 136]]

 [[351 136]]

 [[346 141]]

 [[345 141]]

 [[342 144]]

 [[340 144]]

 [[340 145]]

 [[339 146]]

 [[339 147]]

 [[337 149]]

 [[335 149]]

 [[335 150]]

 [[334 151]]

 [[333 151]]

 [[332 152]]

 [[334 152]]

 [[335 151]]

 [[337 151]]

 [[338 152]]

 [[340 152]]

 [[341 153]]

 [[341 155]]

 [[340 156]]

 [[337 156]]

 [[345 156]]

 [[346 157]]

 [[347 157]]

 [[347 156]]

 [[348 155]]

 [[350 155]]

 [[351 156]]

 [[351 158]]

 [[352 157]]

 [[352 155]]

 [[354 153]]

 [[357 153]]

 [[358 154]]

 [[358 157]]

 [[357 158]]

 [[358 159]]

 [[359 158]]

 [[362 158]]

 [[363 159]]

 [[363 161]]

 [[363 160]]

 [[364 159]]

 [[366 159]]

 [[367 160]]

 [[368 160]]

 [[369 161]]

 [[369 160]]

 [[370 159]]

 [[372 159]]

 [[372 158]]

 [[373 157]]

 [[374 157]]

 [[375 156]]

 [[378 156]]

 [[379 155]]

 [[380 155]]

 [[381 154]]

 [[383 154]]

 [[383 152]]

 [[384 151]]

 [[387 151]]

 [[387 150]]

 [[388 149]]

 [[389 149]]

 [[391 147]]

 [[397 147]]

 [[398 148]]

 [[398 145]]

 [[401 142]]

 [[401 141]]

 [[402 140]]

 [[400 140]]

 [[400 143]]

 [[399 144]]

 [[396 144]]

 [[395 143]]

 [[392 143]]

 [[391 142]]

 [[391 139]]

 [[389 137]]

 [[388 137]]

 [[387 136]]

 [[386 136]]

 [[385 135]]

 [[385 134]]

 [[384 134]]

 [[383 133]]

 [[382 133]]

 [[381 132]]

 [[373 132]]

 [[372 131]]] [[[347 152]]

 [[348 151]]

 [[350 151]]

 [[351 152]]

 [[351 154]]

 [[350 155]]

 [[348 155]]

 [[347 154]]] [[[350 143]]

 [[352 143]]

 [[354 145]]

 [[354 147]]

 [[353 148]]

 [[351 148]]

 [[350 149]]

 [[348 149]]

 [[347 148]]

 [[347 146]]] [[[370 143]]

 [[371 142]]

 [[373 142]]

 [[374 143]]

 [[375 143]]

 [[376 144]]

 [[377 144]]

 [[381 148]]

 [[381 150]]

 [[380 151]]

 [[379 151]]

 [[378 152]]

 [[377 152]]

 [[376 153]]

 [[375 153]]

 [[374 154]]

 [[370 154]]

 [[369 153]]

 [[369 151]]

 [[370 150]]] [[[348 139]]

 [[349 138]]

 [[351 138]]

 [[352 139]]

 [[352 141]]

 [[351 142]]

 [[349 142]]

 [[348 141]]] [[[363 138]]

 [[364 137]]

 [[373 137]]

 [[374 138]]

 [[377 138]]

 [[378 139]]

 [[379 139]]

 [[380 138]]

 [[383 138]]

 [[384 139]]

 [[384 140]]

 [[385 141]]

 [[386 141]]

 [[387 142]]

 [[387 144]]

 [[390 144]]

 [[391 145]]

 [[391 147]]

 [[390 148]]

 [[386 148]]

 [[385 147]]

 [[385 146]]

 [[384 146]]

 [[383 147]]

 [[381 147]]

 [[378 144]]

 [[376 144]]

 [[374 142]]

 [[372 142]]

 [[371 141]]

 [[369 141]]

 [[369 143]]

 [[368 144]]

 [[368 145]]

 [[369 145]]

 [[370 146]]

 [[370 149]]

 [[369 150]]

 [[369 151]]

 [[368 152]]

 [[367 152]]

 [[366 153]]

 [[356 153]]

 [[355 152]]

 [[355 146]]

 [[356 145]]

 [[359 145]]

 [[360 146]]

 [[360 148]]

 [[364 148]]

 [[364 147]]

 [[363 146]]

 [[363 143]]

 [[364 142]]

 [[365 142]]

 [[359 142]]

 [[358 143]]

 [[355 143]]

 [[354 142]]

 [[354 140]]

 [[355 139]]

 [[357 139]]

 [[358 138]]] [[[370 112]]

 [[370 113]]

 [[371 114]]

 [[371 116]]

 [[370 117]]

 [[369 117]]

 [[368 118]]

 [[361 118]]

 [[360 119]]

 [[357 119]]

 [[356 120]]

 [[355 120]]

 [[354 121]]

 [[353 121]]

 [[352 122]]

 [[349 122]]

 [[348 123]]

 [[338 123]]

 [[338 130]]

 [[337 131]]

 [[338 132]]

 [[338 133]]

 [[339 134]]

 [[342 134]]

 [[343 133]]

 [[345 133]]

 [[346 134]]

 [[347 134]]

 [[347 133]]

 [[348 132]]

 [[349 132]]

 [[350 131]]

 [[353 131]]

 [[354 130]]

 [[357 130]]

 [[358 129]]

 [[359 129]]

 [[360 128]]

 [[363 128]]

 [[364 127]]

 [[365 127]]

 [[366 126]]

 [[368 126]]

 [[371 123]]

 [[373 123]]

 [[373 121]]

 [[374 120]]

 [[375 120]]

 [[374 120]]

 [[369 125]]

 [[368 125]]

 [[367 126]]

 [[365 126]]

 [[364 127]]

 [[363 127]]

 [[362 128]]

 [[360 128]]

 [[359 129]]

 [[358 129]]

 [[357 130]]

 [[354 130]]

 [[353 131]]

 [[349 131]]

 [[348 132]]

 [[346 132]]

 [[345 131]]

 [[345 132]]

 [[344 133]]

 [[343 133]]

 [[342 134]]

 [[340 134]]

 [[339 133]]

 [[339 130]]

 [[342 127]]

 [[343 127]]

 [[344 126]]

 [[346 126]]

 [[346 125]]

 [[349 122]]

 [[353 122]]

 [[355 120]]

 [[357 120]]

 [[358 119]]

 [[360 119]]

 [[361 118]]

 [[368 118]]

 [[369 117]]

 [[370 117]]

 [[371 116]]

 [[374 116]]

 [[376 114]]

 [[379 114]]

 [[371 114]]

 [[370 113]]] [[[201  76]]

 [[201  78]]

 [[202  78]]

 [[203  79]]

 [[203  80]]

 [[204  81]]

 [[204  85]]

 [[203  86]]

 [[203  91]]

 [[202  92]]

 [[202  95]]

 [[203  96]]

 [[203  99]]

 [[202 100]]

 [[202 114]]

 [[203 115]]

 [[203 118]]

 [[204 119]]

 [[204 124]]

 [[205 125]]

 [[205 130]]

 [[206 131]]

 [[206 136]]

 [[207 137]]

 [[207 141]]

 [[208 142]]

 [[208 145]]

 [[207 146]]

 [[204 146]]

 [[202 144]]

 [[201 144]]

 [[200 143]]

 [[199 143]]

 [[200 143]]

 [[202 145]]

 [[203 145]]

 [[205 147]]

 [[207 147]]

 [[208 148]]

 [[208 150]]

 [[209 151]]

 [[210 151]]

 [[211 152]]

 [[211 154]]

 [[211 150]]

 [[212 149]]

 [[212 142]]

 [[209 142]]

 [[207 140]]

 [[207 137]]

 [[206 136]]

 [[206 131]]

 [[205 130]]

 [[205 125]]

 [[204 124]]

 [[204 119]]

 [[203 118]]

 [[203 115]]

 [[202 114]]

 [[202 100]]

 [[203  99]]

 [[203  96]]

 [[202  95]]

 [[202  93]]

 [[203  92]]

 [[203  86]]

 [[204  85]]

 [[204  84]]

 [[205  83]]

 [[204  82]]

 [[204  77]]

 [[202  77]]] [[[208 143]]

 [[209 142]]

 [[211 142]]

 [[212 143]]

 [[212 148]]

 [[211 149]]

 [[209 149]]

 [[208 148]]] [[[418   0]]

 [[418   3]]

 [[417   4]]

 ...

 [[417   8]]

 [[417   4]]

 [[418   3]]] [[[390 274]]

 [[392 274]]

 [[393 275]]

 [[393 279]]

 [[392 280]]

 [[392 287]]

 [[391 288]]

 [[389 288]]

 [[388 287]]

 [[388 286]]

 [[387 285]]

 [[387 283]]

 [[386 282]]

 [[386 278]]] [[[406 263]]

 [[407 262]]

 [[410 262]]

 [[411 263]]

 [[412 263]]

 [[413 264]]

 [[413 266]]

 [[412 267]]

 [[414 267]]

 [[415 268]]

 [[415 271]]

 [[414 272]]

 [[414 273]]

 [[415 273]]

 [[416 274]]

 [[416 275]]

 [[420 275]]

 [[421 276]]

 [[421 278]]

 [[420 279]]

 [[419 279]]

 [[418 280]]

 [[416 280]]

 [[415 279]]

 [[414 279]]

 [[413 278]]

 [[411 278]]

 [[410 277]]

 [[410 276]]

 [[409 275]]

 [[409 274]]

 [[408 273]]

 [[408 272]]

 [[407 271]]

 [[407 269]]

 [[406 268]]] [[[423 246]]

 [[424 245]]

 [[428 245]]

 [[430 247]]

 [[430 261]]

 [[429 262]]

 [[429 267]]

 [[428 268]]

 [[428 269]]

 [[427 270]]

 [[427 271]]

 [[426 272]]

 [[426 273]]

 [[425 274]]

 [[421 274]]

 [[420 275]]

 [[417 275]]

 [[416 274]]

 [[416 263]]

 [[413 263]]

 [[412 262]]

 [[412 260]]

 [[413 259]]

 [[413 257]]

 [[416 254]]

 [[417 254]]

 [[418 253]]

 [[419 253]]

 [[419 252]]

 [[421 250]]

 [[421 247]]

 [[422 246]]] [[[409 245]]

 [[411 245]]

 [[412 246]]

 [[412 251]]

 [[411 252]]

 [[409 252]]

 [[409 255]]

 [[410 256]]

 [[410 259]]

 [[409 260]]

 [[404 260]]

 [[403 259]]

 [[403 255]]

 [[404 254]]

 [[404 253]]

 [[405 252]]

 [[405 251]]

 [[406 250]]

 [[406 249]]

 [[407 248]]

 [[407 247]]] [[[417 236]]

 [[418 235]]

 [[421 235]]

 [[422 236]]

 [[423 236]]

 [[425 238]]

 [[425 239]]

 [[427 241]]

 [[427 244]]

 [[426 245]]

 [[421 245]]

 [[420 246]]

 [[416 246]]

 [[415 245]]

 [[415 243]]

 [[413 243]]

 [[412 242]]

 [[412 240]]

 [[413 239]]

 [[417 239]]] [[[410 226]]

 [[411 225]]

 [[415 225]]

 [[417 227]]

 [[417 234]]

 [[411 240]]

 [[411 241]]

 [[409 243]]

 [[407 243]]

 [[406 242]]

 [[406 240]]

 [[407 239]]

 [[407 236]]

 [[408 235]]

 [[408 233]]

 [[409 232]]

 [[409 228]]

 [[410 227]]] [[[417 221]]

 [[418 220]]

 [[420 220]]

 [[421 221]]

 [[421 224]]

 [[420 225]]

 [[418 225]]

 [[417 224]]] [[[427 206]]

 [[428 205]]

 [[430 205]]

 [[432 207]]

 [[432 212]]

 [[431 213]]

 [[431 217]]

 [[430 218]]

 [[430 223]]

 [[429 224]]

 [[429 226]]

 [[428 227]]

 [[427 227]]

 [[426 228]]

 [[422 228]]

 [[421 227]]

 [[421 221]]

 [[420 220]]

 [[419 220]]

 [[418 219]]

 [[418 210]]

 [[419 209]]

 [[419 208]]

 [[421 206]]] [[[436 131]]

 [[438 131]]

 [[439 132]]

 [[439 139]]

 [[438 140]]

 [[434 140]]

 [[433 139]]

 [[433 134]]] [[[430 117]]

 [[431 116]]

 [[433 116]]

 [[434 117]]

 [[434 118]]

 [[436 120]]

 [[436 123]]

 [[435 124]]

 [[431 124]]

 [[430 123]]] [[[415  35]]

 [[416  34]]

 [[420  34]]

 [[422  36]]

 [[422  37]]

 [[423  38]]

 [[423  47]]

 [[422  48]]

 [[420  48]]

 [[419  47]]

 [[419  45]]

 [[418  44]]

 [[418  41]]

 [[417  40]]

 [[417  39]]

 [[415  37]]] [[[410  24]]

 [[411  23]]

 [[413  23]]

 [[414  24]]

 [[414  27]]

 [[413  28]]

 [[411  28]]

 [[410  27]]] [[[352   0]]

 [[352   2]]

 [[351   3]]

 [[351   6]]

 [[349   8]]

 [[349  11]]

 [[350  11]]

 [[351  12]]

 [[351  15]]

 [[350  16]]

 [[350  18]]

 [[349  19]]

 [[349  21]]

 [[348  22]]

 [[348  23]]

 [[347  24]]

 [[348  25]]

 [[348  29]]

 [[347  30]]

 [[345  30]]

 [[344  29]]

 [[344  30]]

 [[343  31]]

 [[343  32]]

 [[342  33]]

 [[343  34]]

 [[344  33]]

 [[346  33]]

 [[348  35]]

 [[353  35]]

 [[354  36]]

 [[354  37]]

 [[355  38]]

 [[356  38]]

 [[357  39]]

 [[360  39]]

 [[361  40]]

 [[361  41]]

 [[363  41]]

 [[364  40]]

 [[370  40]]

 [[371  41]]

 [[372  41]]

 [[373  42]]

 [[374  42]]

 [[375  43]]

 [[382  43]]

 [[375  43]]

 [[373  41]]

 [[372  41]]

 [[371  40]]

 [[371  38]]

 [[372  37]]

 [[374  37]]

 [[375  36]]

 [[376  36]]

 [[378  34]]

 [[382  34]]

 [[382  32]]

 [[384  30]]

 [[385  30]]

 [[386  29]]

 [[386  28]]

 [[389  25]]

 [[389  24]]

 [[392  21]]

 [[391  21]]

 [[391  22]]

 [[389  24]]

 [[387  24]]

 [[386  23]]

 [[386  20]]

 [[387  19]]

 [[387  17]]

 [[388  16]]

 [[389  16]]

 [[389  14]]

 [[390  13]]

 [[391  13]]

 [[391  11]]

 [[393   9]]

 [[393   8]]

 [[394   7]]

 [[394   6]]

 [[395   5]]

 [[396   5]]

 [[398   3]]

 [[398   2]]

 [[399   1]]

 [[399   0]]

 [[398   0]]

 [[398   2]]

 [[395   5]]

 [[394   5]]

 [[394   6]]

 [[393   7]]

 [[390   7]]

 [[389   6]]

 [[389   4]]

 [[390   3]]

 [[390   2]]

 [[391   1]]

 [[391   0]]

 [[387   0]]

 [[387   1]]

 [[386   2]]

 [[387   3]]

 [[387   5]]

 [[386   6]]

 [[386   7]]

 [[385   8]]

 [[384   8]]

 [[383   9]]

 [[381   9]]

 [[380   8]]

 [[380   6]]

 [[382   4]]

 [[382   1]]

 [[383   0]]

 [[376   0]]

 [[376   2]]

 [[377   3]]

 [[377   6]]

 [[376   7]]

 [[374   7]]

 [[373   8]]

 [[371   8]]

 [[370   7]]

 [[370   3]]

 [[369   2]]

 [[368   3]]

 [[368  10]]

 [[367  11]]

 [[366  11]]

 [[367  12]]

 [[367  18]]

 [[366  19]]

 [[360  19]]

 [[359  18]]

 [[359  15]]

 [[360  14]]

 [[360  10]]

 [[361   9]]

 [[363   9]]

 [[363   6]]

 [[362   5]]

 [[362   0]]

 [[362   3]]

 [[361   4]]

 [[361   5]]

 [[360   6]]

 [[358   6]]

 [[357   5]]

 [[357   0]]] [[[365  29]]

 [[366  28]]

 [[368  28]]

 [[370  30]]

 [[370  33]]

 [[372  33]]

 [[373  32]]

 [[375  32]]

 [[376  33]]

 [[376  35]]

 [[374  37]]

 [[369  37]]

 [[368  36]]

 [[368  34]]

 [[367  35]]

 [[365  35]]

 [[364  34]]

 [[364  31]]

 [[365  30]]] [[[355  20]]

 [[356  19]]

 [[358  19]]

 [[359  20]]

 [[359  21]]

 [[360  22]]

 [[360  24]]

 [[358  26]]

 [[356  26]]

 [[354  24]]

 [[354  22]]

 [[355  21]]] [[[374  17]]

 [[375  16]]

 [[377  16]]

 [[378  17]]

 [[378  20]]

 [[375  23]]

 [[373  23]]

 [[372  22]]

 [[372  18]]

 [[373  17]]] [[[373  11]]

 [[374  10]]

 [[376  10]]

 [[377  11]]

 [[377  13]]

 [[376  14]]

 [[374  14]]

 [[373  13]]] [[[385   8]]

 [[388   8]]

 [[389   9]]

 [[389  12]]

 [[385  16]]

 [[383  16]]

 [[382  15]]

 [[382  11]]] [[[354   0]]

 [[356   0]]

 [[357   1]]

 [[357   5]]

 [[356   6]]

 [[353   6]]

 [[352   5]]

 [[352   2]]] [[[345   0]]

 [[345   2]]

 [[344   3]]

 [[342   3]]

 [[342   4]]

 [[341   5]]

 [[341   6]]

 [[340   7]]

 [[340   8]]

 [[339   9]]

 [[339  13]]

 [[338  14]]

 [[338  15]]

 [[337  16]]

 [[336  16]]

 [[336  18]]

 [[335  19]]

 [[337  19]]

 [[337  16]]

 [[338  15]]

 [[342  15]]

 [[341  14]]

 [[341  12]]

 [[342  11]]

 [[342   9]]

 [[343   8]]

 [[343   6]]

 [[344   5]]

 [[344   4]]

 [[345   3]]

 [[345   1]]

 [[346   0]]] [[[302   0]]

 [[302   1]]

 [[301   2]]

 [[301   8]]

 [[302   9]]

 [[302  14]]

 [[303  15]]

 [[303  17]]

 [[306  17]]

 [[307  18]]

 [[307  20]]

 [[307  17]]

 [[308  16]]

 [[308  15]]

 [[309  14]]

 [[312  14]]

 [[313  15]]

 [[313  17]]

 [[312  18]]

 [[312  20]]

 [[311  21]]

 [[311  22]]

 [[310  23]]

 [[308  23]]

 [[307  24]]

 [[305  24]]

 [[304  23]]

 [[304  25]]

 [[303  26]]

 [[301  26]]

 [[299  24]]

 [[298  24]]

 [[297  23]]

 [[297  22]]

 [[296  21]]

 [[296  20]]

 [[295  19]]

 [[296  20]]

 [[296  22]]

 [[297  23]]

 [[297  24]]

 [[298  24]]

 [[299  25]]

 [[299  28]]

 [[300  29]]

 [[302  29]]

 [[303  28]]

 [[305  28]]

 [[307  30]]

 [[307  33]]

 [[306  34]]

 [[306  35]]

 [[305  36]]

 [[302  36]]

 [[301  35]]

 [[295  35]]

 [[294  34]]

 [[295  35]]

 [[301  35]]

 [[302  36]]

 [[305  36]]

 [[306  37]]

 [[306  39]]

 [[304  41]]

 [[301  41]]

 [[300  42]]

 [[299  42]]

 [[298  43]]

 [[293  43]]

 [[292  42]]

 [[289  42]]

 [[288  43]]

 [[283  43]]

 [[282  42]]

 [[281  42]]

 [[281  43]]

 [[280  44]]

 [[276  44]]

 [[275  45]]

 [[270  45]]

 [[269  44]]

 [[268  44]]

 [[267  43]]

 [[267  42]]

 [[266  42]]

 [[266  43]]

 [[264  45]]

 [[262  45]]

 [[260  47]]

 [[257  47]]

 [[256  48]]

 [[259  48]]

 [[260  47]]

 [[261  47]]

 [[263  45]]

 [[279  45]]

 [[280  46]]

 [[281  45]]

 [[282  45]]

 [[282  44]]

 [[283  43]]

 [[288  43]]

 [[289  42]]

 [[292  42]]

 [[293  43]]

 [[298  43]]

 [[299  42]]

 [[300  42]]

 [[301  41]]

 [[303  41]]

 [[304  42]]

 [[304  43]]

 [[305  43]]

 [[306  44]]

 [[310  44]]

 [[311  43]]

 [[312  43]]

 [[313  42]]

 [[318  42]]

 [[320  40]]

 [[322  40]]

 [[323  41]]

 [[322  40]]

 [[322  38]]

 [[321  37]]

 [[321  35]]

 [[322  34]]

 [[325  34]]

 [[326  35]]

 [[326  36]]

 [[327  35]]

 [[327  31]]

 [[328  30]]

 [[330  30]]

 [[331  31]]

 [[328  28]]

 [[328  25]]

 [[327  24]]

 [[327  21]]

 [[326  21]]

 [[325  20]]

 [[325  18]]

 [[326  17]]

 [[326  15]]

 [[325  14]]

 [[325  12]]

 [[323  10]]

 [[323   9]]

 [[322   8]]

 [[322   4]]

 [[321   3]]

 [[321   2]]

 [[320   1]]

 [[320   0]]

 [[318   0]]

 [[318   7]]

 [[319   8]]

 [[319  12]]

 [[320  13]]

 [[320  21]]

 [[319  22]]

 [[318  22]]

 [[316  24]]

 [[314  24]]

 [[313  23]]

 [[313  20]]

 [[314  19]]

 [[314  18]]

 [[313  17]]

 [[313  14]]

 [[310  14]]

 [[309  13]]

 [[309  11]]

 [[308  11]]

 [[307  10]]

 [[307   4]]

 [[308   3]]

 [[309   3]]

 [[310   2]]

 [[310   0]]] [[[310  36]]

 [[311  35]]

 [[313  35]]

 [[314  36]]

 [[314  38]]

 [[313  39]]

 [[311  39]]

 [[310  38]]] [[[312  26]]

 [[313  25]]

 [[316  25]]

 [[317  26]]

 [[318  26]]

 [[319  27]]

 [[319  29]]

 [[318  30]]

 [[314  30]]

 [[313  31]]

 [[311  31]]

 [[310  30]]

 [[310  28]]

 [[311  27]]

 [[312  27]]] [[[317  23]]

 [[318  22]]

 [[320  22]]

 [[321  23]]

 [[321  25]]

 [[320  26]]

 [[318  26]]

 [[317  25]]] [[[321  21]]

 [[322  20]]

 [[324  20]]

 [[325  21]]

 [[325  23]]

 [[324  24]]

 [[322  24]]

 [[321  23]]] [[[320  17]]

 [[321  16]]

 [[323  16]]

 [[324  17]]

 [[324  19]]

 [[323  20]]

 [[321  20]]

 [[320  19]]] [[[302  11]]

 [[303  10]]

 [[305  10]]

 [[306  11]]

 [[306  14]]

 [[305  15]]

 [[303  15]]

 [[302  14]]] [[[319   9]]

 [[320   8]]

 [[322   8]]

 [[323   9]]

 [[323  11]]

 [[322  12]]

 [[320  12]]

 [[319  11]]] [[[318   4]]

 [[319   3]]

 [[321   3]]

 [[322   4]]

 [[322   6]]

 [[321   7]]

 [[319   7]]

 [[318   6]]] [[[283   0]]

 [[283   2]]

 [[284   3]]

 [[284   6]]

 [[285   7]]

 [[285   9]]

 [[287   9]]

 [[287   7]]

 [[286   6]]

 [[286   0]]] [[[223   0]]

 [[223   2]]

 [[222   3]]

 [[222   4]]

 [[221   5]]

 [[221   6]]

 [[220   7]]

 [[220   8]]

 [[219   9]]

 [[219  11]]

 [[218  12]]

 [[218  14]]

 [[217  15]]

 [[217  18]]

 [[216  19]]

 [[216  20]]

 [[215  21]]

 [[215  22]]

 [[214  23]]

 [[214  26]]

 [[213  27]]

 [[213  29]]

 [[212  30]]

 [[212  32]]

 [[211  33]]

 [[211  36]]

 [[210  37]]

 [[210  39]]

 [[209  40]]

 [[209  41]]

 [[208  42]]

 [[208  43]]

 [[207  44]]

 [[207  46]]

 [[206  47]]

 [[206  48]]

 [[205  49]]

 [[205  51]]

 [[204  52]]

 [[204  55]]

 [[204  52]]

 [[205  51]]

 [[205  49]]

 [[207  47]]

 [[207  44]]

 [[209  42]]

 [[209  40]]

 [[210  39]]

 [[210  38]]

 [[211  37]]

 [[211  33]]

 [[212  32]]

 [[212  31]]

 [[213  30]]

 [[213  27]]

 [[214  26]]

 [[214  23]]

 [[215  22]]

 [[215  21]]

 [[216  20]]

 [[216  19]]

 [[217  18]]

 [[217  16]]

 [[218  15]]

 [[218  13]]

 [[219  12]]

 [[219   9]]

 [[220   8]]

 [[220   7]]

 [[221   6]]

 [[221   5]]

 [[222   4]]

 [[222   3]]

 [[224   1]]

 [[224   0]]]