[[[ 60   1]]

 [[ 59   2]]

 [[ 51   2]]

 [[ 50   3]]

 [[ 44   3]]

 [[ 43   4]]

 [[ 39   4]]

 [[ 38   5]]

 [[ 34   5]]

 [[ 33   6]]

 [[ 28   6]]

 [[ 27   7]]

 [[ 24   7]]

 [[ 23   8]]

 [[ 21   8]]

 [[ 20   9]]

 [[ 18   9]]

 [[ 17  10]]

 [[ 16  10]]

 [[ 15  11]]

 [[ 12  11]]

 [[ 12  17]]

 [[ 13  18]]

 [[ 13  20]]

 [[ 14  21]]

 [[ 14  27]]

 [[ 15  28]]

 [[ 15  32]]

 [[ 16  33]]

 [[ 16  38]]

 [[ 17  39]]

 [[ 17  44]]

 [[ 18  45]]

 [[ 18  49]]

 [[ 19  50]]

 [[ 19  54]]

 [[ 20  55]]

 [[ 20  60]]

 [[ 21  61]]

 [[ 21  66]]

 [[ 22  67]]

 [[ 22  70]]

 [[ 23  71]]

 [[ 23  76]]

 [[ 24  77]]

 [[ 24  81]]

 [[ 25  82]]

 [[ 25  87]]

 [[ 26  88]]

 [[ 26  92]]

 [[ 27  93]]

 [[ 27  97]]

 [[ 28  98]]

 [[ 28 103]]

 [[ 29 104]]

 [[ 29 111]]

 [[ 30 112]]

 [[ 30 134]]

 [[ 29 135]]

 [[ 29 137]]

 [[ 28 138]]

 [[ 26 136]]

 [[ 20 136]]

 [[ 19 137]]

 [[ 19 141]]

 [[ 20 142]]

 [[ 20 143]]

 [[ 23 143]]

 [[ 24 144]]

 [[ 26 144]]

 [[ 28 146]]

 [[ 28 148]]

 [[ 27 149]]

 [[ 27 151]]

 [[ 26 152]]

 [[ 26 155]]

 [[ 25 156]]

 [[ 25 159]]

 [[ 24 160]]

 [[ 24 163]]

 [[ 23 164]]

 [[ 23 167]]

 [[ 22 168]]

 [[ 22 171]]

 [[ 21 172]]

 [[ 21 175]]

 [[ 20 176]]

 [[ 20 179]]

 [[ 19 180]]

 [[ 19 183]]

 [[ 18 184]]

 [[ 18 187]]

 [[ 17 188]]

 [[ 17 191]]

 [[ 16 192]]

 [[ 16 195]]

 [[ 15 196]]

 [[ 15 199]]

 [[ 14 200]]

 [[ 14 203]]

 [[ 13 204]]

 [[ 13 207]]

 [[ 12 208]]

 [[ 12 211]]

 [[ 11 212]]

 [[ 11 215]]

 [[ 10 216]]

 [[ 10 219]]

 [[  9 220]]

 [[  9 223]]

 [[  8 224]]

 [[  8 227]]

 [[  7 228]]

 [[  7 231]]

 [[  6 232]]

 [[  6 235]]

 [[  5 236]]

 [[  5 238]]

 [[  4 239]]

 [[  4 243]]

 [[  3 244]]

 [[  3 246]]

 [[  2 247]]

 [[  2 250]]

 [[  1 251]]

 [[  1 254]]

 [[  0 255]]

 [[  0 259]]

 [[  2 261]]

 [[  3 261]]

 [[  4 262]]

 [[  5 261]]

 [[  8 261]]

 [[  9 260]]

 [[  9 256]]

 [[ 10 255]]

 [[ 10 252]]

 [[ 11 251]]

 [[ 11 249]]

 [[ 12 248]]

 [[ 12 245]]

 [[ 13 244]]

 [[ 13 241]]

 [[ 14 240]]

 [[ 14 237]]

 [[ 15 236]]

 [[ 15 233]]

 [[ 16 232]]

 [[ 16 229]]

 [[ 17 228]]

 [[ 17 226]]

 [[ 18 225]]

 [[ 18 222]]

 [[ 19 221]]

 [[ 19 218]]

 [[ 20 217]]

 [[ 20 214]]

 [[ 21 213]]

 [[ 21 210]]

 [[ 22 209]]

 [[ 22 206]]

 [[ 23 205]]

 [[ 23 202]]

 [[ 24 201]]

 [[ 24 198]]

 [[ 25 197]]

 [[ 25 194]]

 [[ 26 193]]

 [[ 26 190]]

 [[ 27 189]]

 [[ 27 186]]

 [[ 28 185]]

 [[ 28 183]]

 [[ 29 182]]

 [[ 29 179]]

 [[ 30 178]]

 [[ 30 175]]

 [[ 31 174]]

 [[ 31 171]]

 [[ 32 170]]

 [[ 32 167]]

 [[ 33 166]]

 [[ 33 163]]

 [[ 34 162]]

 [[ 34 159]]

 [[ 35 158]]

 [[ 35 155]]

 [[ 36 154]]

 [[ 36 150]]

 [[ 37 149]]

 [[ 37 147]]

 [[ 38 146]]

 [[ 42 146]]

 [[ 43 147]]

 [[ 48 147]]

 [[ 49 148]]

 [[ 55 148]]

 [[ 56 149]]

 [[ 61 149]]

 [[ 62 150]]

 [[ 68 150]]

 [[ 69 151]]

 [[ 72 151]]

 [[ 73 152]]

 [[ 74 152]]

 [[ 81 159]]

 [[ 81 160]]

 [[ 82 161]]

 [[ 82 162]]

 [[ 83 163]]

 [[ 83 164]]

 [[ 84 165]]

 [[ 84 167]]

 [[ 85 168]]

 [[ 85 170]]

 [[ 86 171]]

 [[ 86 186]]

 [[ 87 187]]

 [[ 87 208]]

 [[ 88 209]]

 [[ 88 231]]

 [[ 89 232]]

 [[ 89 255]]

 [[ 90 256]]

 [[ 90 279]]

 [[ 91 280]]

 [[ 91 296]]

 [[ 92 297]]

 [[ 92 298]]

 [[ 94 298]]

 [[ 95 299]]

 [[ 97 299]]

 [[ 98 298]]

 [[100 298]]

 [[101 297]]

 [[101 287]]

 [[100 286]]

 [[100 262]]

 [[ 99 261]]

 [[ 99 241]]

 [[ 98 240]]

 [[ 98 215]]

 [[ 97 214]]

 [[ 97 196]]

 [[ 96 195]]

 [[ 96 191]]

 [[ 98 189]]

 [[104 189]]

 [[105 188]]

 [[118 188]]

 [[119 189]]

 [[119 190]]

 [[118 191]]

 [[118 193]]

 [[117 194]]

 [[117 197]]

 [[116 198]]

 [[116 200]]

 [[115 201]]

 [[115 203]]

 [[114 204]]

 [[114 207]]

 [[113 208]]

 [[113 210]]

 [[112 211]]

 [[112 214]]

 [[111 215]]

 [[111 217]]

 [[110 218]]

 [[110 220]]

 [[109 221]]

 [[109 224]]

 [[108 225]]

 [[108 227]]

 [[107 228]]

 [[107 230]]

 [[106 231]]

 [[106 234]]

 [[105 235]]

 [[105 239]]

 [[107 241]]

 [[111 241]]

 [[112 240]]

 [[113 240]]

 [[113 238]]

 [[114 237]]

 [[114 235]]

 [[115 234]]

 [[115 231]]

 [[116 230]]

 [[116 228]]

 [[117 227]]

 [[117 224]]

 [[118 223]]

 [[118 221]]

 [[119 220]]

 [[119 218]]

 [[120 217]]

 [[120 214]]

 [[121 213]]

 [[121 211]]

 [[122 210]]

 [[122 208]]

 [[123 207]]

 [[123 204]]

 [[124 203]]

 [[124 201]]

 [[125 200]]

 [[125 198]]

 [[126 197]]

 [[126 195]]

 [[127 194]]

 [[127 191]]

 [[129 189]]

 [[136 189]]

 [[137 190]]

 [[155 190]]

 [[156 189]]

 [[160 189]]

 [[161 188]]

 [[164 188]]

 [[165 187]]

 [[167 187]]

 [[168 186]]

 [[170 186]]

 [[171 185]]

 [[172 185]]

 [[173 184]]

 [[174 184]]

 [[175 183]]

 [[177 183]]

 [[178 182]]

 [[179 182]]

 [[180 181]]

 [[181 181]]

 [[182 180]]

 [[184 180]]

 [[185 179]]

 [[186 179]]

 [[187 178]]

 [[188 178]]

 [[189 177]]

 [[191 177]]

 [[192 176]]

 [[194 176]]

 [[195 175]]

 [[197 175]]

 [[198 174]]

 [[200 174]]

 [[201 173]]

 [[204 173]]

 [[205 172]]

 [[207 172]]

 [[208 171]]

 [[209 171]]

 [[211 173]]

 [[211 190]]

 [[212 191]]

 [[212 230]]

 [[213 231]]

 [[213 265]]

 [[214 266]]

 [[214 272]]

 [[216 272]]

 [[217 273]]

 [[220 273]]

 [[221 272]]

 [[223 272]]

 [[223 271]]

 [[222 270]]

 [[223 269]]

 [[223 268]]

 [[222 267]]

 [[222 266]]

 [[223 265]]

 [[223 250]]

 [[222 249]]

 [[222 218]]

 [[221 217]]

 [[221 180]]

 [[220 179]]

 [[220 157]]

 [[219 156]]

 [[219 149]]

 [[218 148]]

 [[218 146]]

 [[217 145]]

 [[217 143]]

 [[216 142]]

 [[216 141]]

 [[215 140]]

 [[215 138]]

 [[214 137]]

 [[214 136]]

 [[206 128]]

 [[205 128]]

 [[204 127]]

 [[203 127]]

 [[202 126]]

 [[199 126]]

 [[198 127]]

 [[197 127]]

 [[196 126]]

 [[192 126]]

 [[191 125]]

 [[185 125]]

 [[184 124]]

 [[174 124]]

 [[173 123]]

 [[166 123]]

 [[165 122]]

 [[158 122]]

 [[157 121]]

 [[150 121]]

 [[149 120]]

 [[148 120]]

 [[147 119]]

 [[147  97]]

 [[146  96]]

 [[146  89]]

 [[145  88]]

 [[145  84]]

 [[144  83]]

 [[144  78]]

 [[143  77]]

 [[143  72]]

 [[142  71]]

 [[142  67]]

 [[141  66]]

 [[141  61]]

 [[140  60]]

 [[140  56]]

 [[139  55]]

 [[139  51]]

 [[138  50]]

 [[138  45]]

 [[137  44]]

 [[137  40]]

 [[136  39]]

 [[136  35]]

 [[135  34]]

 [[135  30]]

 [[134  29]]

 [[134  24]]

 [[133  23]]

 [[133  19]]

 [[132  18]]

 [[132  14]]

 [[131  13]]

 [[131   8]]

 [[130   7]]

 [[130   5]]

 [[128   3]]

 [[126   3]]

 [[125   2]]

 [[116   2]]

 [[115   1]]]