[[[ 23  13]]

 [[ 22  14]]

 [[ 21  14]]

 [[ 20  15]]

 [[ 20  62]]

 [[ 21  63]]

 [[ 21 102]]

 [[ 22 103]]

 [[ 22 150]]

 [[ 23 151]]

 [[ 23 186]]

 [[ 24 187]]

 [[ 24 190]]

 [[ 26 192]]

 [[ 26 193]]

 [[ 29 196]]

 [[ 30 196]]

 [[ 32 198]]

 [[ 33 198]]

 [[ 34 199]]

 [[ 35 199]]

 [[ 37 201]]

 [[ 39 201]]

 [[ 40 202]]

 [[ 41 202]]

 [[ 42 203]]

 [[ 44 203]]

 [[ 45 204]]

 [[ 46 204]]

 [[ 47 205]]

 [[ 49 205]]

 [[ 50 206]]

 [[ 52 206]]

 [[ 53 207]]

 [[ 56 207]]

 [[ 57 208]]

 [[ 60 208]]

 [[ 61 209]]

 [[ 65 209]]

 [[ 66 210]]

 [[ 71 210]]

 [[ 72 211]]

 [[ 81 211]]

 [[ 82 212]]

 [[110 212]]

 [[111 211]]

 [[119 211]]

 [[120 210]]

 [[125 210]]

 [[126 209]]

 [[130 209]]

 [[131 208]]

 [[134 208]]

 [[135 207]]

 [[138 207]]

 [[139 206]]

 [[141 206]]

 [[142 205]]

 [[144 205]]

 [[145 204]]

 [[147 204]]

 [[148 203]]

 [[149 203]]

 [[150 202]]

 [[152 202]]

 [[154 200]]

 [[155 200]]

 [[156 199]]

 [[157 199]]

 [[164 192]]

 [[164 191]]

 [[165 190]]

 [[165 188]]

 [[166 187]]

 [[166 179]]

 [[167 178]]

 [[167 155]]

 [[169 153]]

 [[175 153]]

 [[176 152]]

 [[178 152]]

 [[179 151]]

 [[181 151]]

 [[182 150]]

 [[183 150]]

 [[184 149]]

 [[185 149]]

 [[188 146]]

 [[189 146]]

 [[192 143]]

 [[192 142]]

 [[195 139]]

 [[195 138]]

 [[197 136]]

 [[197 135]]

 [[199 133]]

 [[199 132]]

 [[200 131]]

 [[200 129]]

 [[201 128]]

 [[201 126]]

 [[202 125]]

 [[202 124]]

 [[203 123]]

 [[203 121]]

 [[204 120]]

 [[204 117]]

 [[205 116]]

 [[205 113]]

 [[206 112]]

 [[206 106]]

 [[207 105]]

 [[207  77]]

 [[206  76]]

 [[206  70]]

 [[205  69]]

 [[205  66]]

 [[204  65]]

 [[204  62]]

 [[203  61]]

 [[203  59]]

 [[202  58]]

 [[202  56]]

 [[201  55]]

 [[201  53]]

 [[200  52]]

 [[200  51]]

 [[199  50]]

 [[199  49]]

 [[198  48]]

 [[198  47]]

 [[195  44]]

 [[195  43]]

 [[190  38]]

 [[189  38]]

 [[187  36]]

 [[186  36]]

 [[185  35]]

 [[183  35]]

 [[182  34]]

 [[181  34]]

 [[180  33]]

 [[177  33]]

 [[176  32]]

 [[174  32]]

 [[172  30]]

 [[172  15]]

 [[171  14]]

 [[170  14]]

 [[169  13]]] [[[172  47]]

 [[173  46]]

 [[175  46]]

 [[181  52]]

 [[181  53]]

 [[182  54]]

 [[182  55]]

 [[184  57]]

 [[184  59]]

 [[185  60]]

 [[185  61]]

 [[186  62]]

 [[186  65]]

 [[187  66]]

 [[187  68]]

 [[188  69]]

 [[188  73]]

 [[189  74]]

 [[189  81]]

 [[190  82]]

 [[190 102]]

 [[189 103]]

 [[189 109]]

 [[188 110]]

 [[188 113]]

 [[187 114]]

 [[187 116]]

 [[186 117]]

 [[186 119]]

 [[185 120]]

 [[185 121]]

 [[184 122]]

 [[184 123]]

 [[183 124]]

 [[183 125]]

 [[181 127]]

 [[181 128]]

 [[175 134]]

 [[175 135]]

 [[173 137]]

 [[172 137]]

 [[171 138]]

 [[169 138]]

 [[168 137]]

 [[168 130]]

 [[169 129]]

 [[169 104]]

 [[170 103]]

 [[170  76]]

 [[171  75]]

 [[171  51]]

 [[172  50]]] [[[173  33]]

 [[174  32]]

 [[176  32]]

 [[177  33]]

 [[180  33]]

 [[181  34]]

 [[182  34]]

 [[183  35]]

 [[184  35]]

 [[185  36]]

 [[186  36]]

 [[188  38]]

 [[189  38]]

 [[195  44]]

 [[195  45]]

 [[198  48]]

 [[198  49]]

 [[199  50]]

 [[199  51]]

 [[200  52]]

 [[200  53]]

 [[201  54]]

 [[201  55]]

 [[202  56]]

 [[202  58]]

 [[203  59]]

 [[203  61]]

 [[204  62]]

 [[204  65]]

 [[205  66]]

 [[205  69]]

 [[206  70]]

 [[206  76]]

 [[207  77]]

 [[207 105]]

 [[206 106]]

 [[206 112]]

 [[205 113]]

 [[205 116]]

 [[204 117]]

 [[204 120]]

 [[203 121]]

 [[203 123]]

 [[202 124]]

 [[202 125]]

 [[201 126]]

 [[201 128]]

 [[200 129]]

 [[200 130]]

 [[199 131]]

 [[199 132]]

 [[197 134]]

 [[197 135]]

 [[195 137]]

 [[195 138]]

 [[192 141]]

 [[192 142]]

 [[188 146]]

 [[187 146]]

 [[184 149]]

 [[183 149]]

 [[182 150]]

 [[181 150]]

 [[180 151]]

 [[179 151]]

 [[178 152]]

 [[176 152]]

 [[175 153]]

 [[169 153]]

 [[168 152]]

 [[168 143]]

 [[169 142]]

 [[169 140]]

 [[170 139]]

 [[171 139]]

 [[173 137]]

 [[174 137]]

 [[175 136]]

 [[175 135]]

 [[181 129]]

 [[181 128]]

 [[183 126]]

 [[183 125]]

 [[184 124]]

 [[184 123]]

 [[185 122]]

 [[185 120]]

 [[186 119]]

 [[186 117]]

 [[187 116]]

 [[187 114]]

 [[188 113]]

 [[188 110]]

 [[189 109]]

 [[189 103]]

 [[190 102]]

 [[190  82]]

 [[189  81]]

 [[189  74]]

 [[188  73]]

 [[188  69]]

 [[187  68]]

 [[187  66]]

 [[186  65]]

 [[186  62]]

 [[185  61]]

 [[185  60]]

 [[184  59]]

 [[184  57]]

 [[183  56]]

 [[183  55]]

 [[182  54]]

 [[182  53]]

 [[181  52]]

 [[181  51]]

 [[177  47]]

 [[176  47]]

 [[175  46]]

 [[173  46]]

 [[172  45]]

 [[172  35]]

 [[173  34]]] [[[ 23  13]]

 [[169  13]]

 [[172  16]]

 [[172  50]]

 [[171  51]]

 [[171  75]]

 [[170  76]]

 [[170 103]]

 [[169 104]]

 [[169 129]]

 [[168 130]]

 [[168 138]]

 [[169 139]]

 [[169 141]]

 [[168 142]]

 [[168 154]]

 [[167 155]]

 [[167 178]]

 [[166 179]]

 [[166 187]]

 [[165 188]]

 [[165 189]]

 [[164 190]]

 [[164 191]]

 [[163 192]]

 [[161 192]]

 [[160 193]]

 [[158 193]]

 [[159 194]]

 [[159 196]]

 [[156 199]]

 [[155 199]]

 [[154 200]]

 [[153 200]]

 [[151 202]]

 [[149 202]]

 [[148 203]]

 [[147 203]]

 [[146 204]]

 [[145 204]]

 [[144 205]]

 [[142 205]]

 [[141 206]]

 [[139 206]]

 [[138 207]]

 [[135 207]]

 [[134 208]]

 [[131 208]]

 [[130 209]]

 [[126 209]]

 [[125 210]]

 [[120 210]]

 [[119 211]]

 [[111 211]]

 [[110 212]]

 [[ 82 212]]

 [[ 81 211]]

 [[ 72 211]]

 [[ 71 210]]

 [[ 66 210]]

 [[ 65 209]]

 [[ 61 209]]

 [[ 60 208]]

 [[ 57 208]]

 [[ 56 207]]

 [[ 53 207]]

 [[ 52 206]]

 [[ 50 206]]

 [[ 49 205]]

 [[ 47 205]]

 [[ 46 204]]

 [[ 45 204]]

 [[ 44 203]]

 [[ 42 203]]

 [[ 40 201]]

 [[ 38 201]]

 [[ 36 199]]

 [[ 35 199]]

 [[ 34 198]]

 [[ 33 198]]

 [[ 31 196]]

 [[ 30 196]]

 [[ 26 192]]

 [[ 26 191]]

 [[ 24 189]]

 [[ 24 187]]

 [[ 23 186]]

 [[ 23 151]]

 [[ 22 150]]

 [[ 22 103]]

 [[ 21 102]]

 [[ 21  63]]

 [[ 20  62]]

 [[ 20  16]]]